key1 (government)
1, 
2,
11559732032986387107991004021392285783925812861821192530917403151452391805634,
10857046999023057135944570762232829481370756359578518086990519993285655852781,
4082367875863433681332203403145435568316851327593401208105741076214120093531,
8495653923123431417604973247489272438418190587263600148770280649306958101930

key1 (voter)
1
21888242871839275222246405745257275088696311157297823662689037894645226208581,
11559732032986387107991004021392285783925812861821192530917403151452391805634,
10857046999023057135944570762232829481370756359578518086990519993285655852781,
4082367875863433681332203403145435568316851327593401208105741076214120093531,
8495653923123431417604973247489272438418190587263600148770280649306958101930

key2 (government)
10744596414106452074759370245733544594153395043370666422502510773307029471145,
848677436511517736191562425154572367705380862894644942948681172815252343932,
11559732032986387107991004021392285783925812861821192530917403151452391805634,
10857046999023057135944570762232829481370756359578518086990519993285655852781,
4082367875863433681332203403145435568316851327593401208105741076214120093531,
8495653923123431417604973247489272438418190587263600148770280649306958101930

key2 (voter)
1,
21888242871839275222246405745257275088696311157297823662689037894645226208581,
4540444681147253467785307942530223364530218361853237193970751657229138047649,
20954117799226682825035885491234530437475518021362091509513177301640194298072,
11631839690097995216017572651900167465857396346217730511548857041925508482915,
21508930868448350162258892668132814424284302804699005394342512102884055673846
